-48.0159 4.40396 -5.1253
-47.3778 4.23995 -3.40944
-46.5538 4.02815 -1.19358
-45.8671 3.85164 0.652967
-44.7684 3.56924 3.60745
-43.8071 3.32214 6.19262
-42.571 3.00443 9.51641
-41.1867 2.67897 13.2074
-39.9003 2.54317 16.5242
-37.7571 2.82481 22.0501
-35.5416 3.24187 27.9588
-34.6049 3.96378 32.5481
-34.8374 4.87606 37.1967
-35.3489 5.70937 41.0299
-36.0721 5.95904 45.2849
-36.5518 5.76149 48.005
-37.3053 5.43374 52.2783
-37.9559 4.98444 55.7478
-39.2609 4.17504 59.8167
-40.7757 3.43091 63.8272
-42.1818 2.87496 67.4824
-43.3594 2.62442 71.6598
-44.049 2.4621 75.9516
-43.1694 2.49746 81.3505
-39.8702 2.8386 85.2426
-34.1152 3.23382 87.6848
-28.28 3.7689 88.4557
-22.6253 4.08364 86.8121
-19.3279 4.24162 83.9951
-17.0037 5.09736 77.6385
-17.8642 6.39098 73.1539
-18.7031 7.62548 69.0664
-20.0726 8.36267 64.5914
-21.0039 8.6928 59.5606
-21.0641 9.02625 54.0357
-20.6601 8.71075 48.9262
-19.6314 8.18823 44.325
-17.4985 7.49951 38.8401
-13.5602 6.23196 32.5742
-9.40465 5.44205 27.8783
-5.7193 4.73927 23.8195
-2.32035 3.80969 19.0537
0.306069 3.22092 16.1621
1.43783 2.46059 11.2705
1.00864 1.91853 6.97654
0.000291944 1.46334 1.57527
-1.85023 1.79347 -3.21161
