-81.2708 4.51942 0.620243
-80.0416 4.02232 3.16222
-77.0158 1.62815 7.9959
-75.1857 0.582768 12.0653
-70.9431 1.97188 14.6543
-65.2807 5.38299 23.8948
-69.3349 6.18464 31.9102
-77.1822 6.71974 39.4486
-84.8539 6.31907 45.396
-90.1308 5.36695 50.5569
-92.2716 4.78109 57.6296
-91.4202 4.07562 64.738
-84.072 3.73746 65.7794
-76.623 3.58334 66.0126
-70.3274 3.76513 66.3459
-67.273 3.54227 69.7611
-65.0761 3.19156 73.7726
-64.8795 3.1211 79.4999
-62.3593 3.70339 87.6241
-57.284 3.63704 91.249
-49.3434 2.80078 91.6857
-46.2538 5.60435 84.3702
-44.3698 8.87827 75.4062
-44.637 7.46591 66.9264
-45.1298 5.99015 60.2238
-44.4318 5.04497 46.059
-40.2779 5.49206 36.1729
-37.7611 5.66197 29.8121
-37.3264 5.59084 26.4003
-36.7753 5.72076 19.543
-37.2645 6.42722 9.29712
-43.7462 6.21111 0.340258
-47.808 5.85277 3.29623
-46.099 5.17192 13.7806
-35.2547 5.27646 26.3019
-20.266 4.88453 29.6406
-8.46247 4.57015 26.1802
-1.15723 3.52384 19.3026
2.87578 2.78316 9.21796
4.1333 2.13195 6.08252
5.1452 1.14608 1.71833
4.84741 1.01078 0.202329
4.21359 0.843783 0.196089
3.69863 0.698842 0.248071
