-81.6637 4.16661 0.112778
-82.1855 3.30178 4.55591
-83.1789 2.44335 10.4535
-83.3754 2.39215 14.0805
-83.9649 2.79103 18.046
-80.8563 3.54989 18.479
-77.7493 4.22025 19.0073
-74.323 4.14632 22.7947
-72.9224 4.62945 27.3754
-73.1663 4.89349 32.6039
-74.4648 5.01112 37.6498
-76.221 5.07247 42.1631
-83.6508 4.17617 49.813
-91.6076 4.16337 55.1169
-93.6824 5.29162 63.1373
-93.3833 5.10671 69.5332
-93.3323 4.36208 73.0866
-94.4622 3.44126 78.5397
-93.5705 3.36788 82.564
-88.9181 3.32212 83.8292
-89.3104 3.08539 77.9879
-87.5774 2.76943 67.7734
-84.3289 2.63378 67.6371
-79.9452 2.65584 66.8885
-77.1263 2.74562 66.913
-71.922 2.95339 67.298
-66.3962 2.99766 69.7439
-62.8298 3.11525 74.047
-60.5485 3.15931 81.2578
-59.7447 3.12474 86.8464
-56.2889 3.28738 91.1921
-49.1265 3.91109 93.1207
-41.5665 4.76493 92.1562
-33.3065 5.60208 90.5837
-27.5882 6.2595 87.0485
-24.364 6.79881 78.6999
-25.4305 6.80375 73.5641
-26.7276 6.80299 68.0642
-26.5134 6.12582 56.1895
-22.5952 5.50485 45.6675
-15.7413 5.537 35.2171
-8.55475 4.61303 25.5419
-5.74417 4.0568 23.3086
-3.39863 3.56238 21.1465
-1.24924 3.13997 17.7709
0.558995 2.83567 15.1131
2.10443 2.48071 11.8449
3.6396 2.04686 7.70147
5.17478 1.61301 3.55805
5.08113 1.28067 0.356827
3.86917 0.708638 0.317423
